5149
5150
5151
5152
5153
5154
5155
5156
5157
5158
5159
5160
5161
5162
5163
5164
5165
5166
5167
5168
5169
5170
5171
5173
5175
5176
5177
5178
5179
5180
5181
5295
5297
5298
5299
5300
5301
5302
5303
5342
5343
5344
5345
5346
5347
5348
5349
5350
5351
5352
5353
5354
5355
5356
5357
5358
5359
5360
5361
5362
5363
5364
5365
5366
5367
5368
5369
5370
5371
5372
5373
5374
5375
5376
5377
5378
7841
7842
7843
7844
7845
7846
7847
7862
7859
7863
7864
7862
7859
7863
7864
7865
7948
7949
7950
7951
7952
7954
7956
7957
7958
7959
7960
7961
8038
8039
8040
8041
8042
8043
8044
8045
8046
8047
8048
8050
8051
8052
8053
8054
8055
8056
8057
8058
8059
8060
8061
8063
8064
8065
8066
8067
8068
8069
8070
8071
8073
8074
8075
8076
8077
8078
8079
8080
8081
8082
8083
8084
8085
8299
8300
8301
8302
8303